  0.4474672      0.8351880       1.145501       1.344858       1.413072    
   1.343210       1.141967      0.8289950      0.4348427     -1.0844865E-03
  0.8477727       1.345328       1.338975      0.8231615     -7.2135711E-03
 -0.8357781      -1.346188      -1.343357     -0.8279468      1.9147702E-03
   1.160251       1.334128      0.4215340     -0.8402497      -1.413602    
 -0.8246018      0.4433772       1.346696       1.140954     -2.5087090E-03
   1.354725      0.8082262     -0.8452778      -1.340338      1.0817178E-02
   1.347549      0.8248810     -0.8367603      -1.343083      2.8688465E-03
   1.414025     -2.8138412E-02  -1.414080      1.4093512E-02   1.414167    
 -9.3894666E-03  -1.414190      7.1686311E-03   1.414202     -2.9968212E-03
   1.334969     -0.8540476     -0.8170541       1.349535     -1.0835139E-02
  -1.342384      0.8376140      0.8257134      -1.346898      2.8938316E-03
   1.127870      -1.355544      0.4525090      0.8221640      -1.414760    
  0.8379051      0.4306127      -1.343263       1.147303     -2.5562355E-03
  0.8147702      -1.344418       1.350951     -0.8393556      7.2587566E-03
  0.8266779      -1.343773       1.346639     -0.8346035      1.9834463E-03
  0.4266393     -0.8271996       1.142689      -1.345107       1.415346    
  -1.346794       1.146311     -0.8335646      0.4392616     -1.1712405E-03
